Leaky ReLU:
Fprop: [ 1.5   -0.033  2.1    1.5   -0.05  -0.015]
Bprop: [[  5.    0.1 -10.   -5.    0.    0.1]]
ELU:
Fprop: [ 1.5        -0.96311683  2.1         1.5        -0.99326205 -0.77686984]
Bprop: [[  5.           0.36883167 -10.          -5.           0.           2.2313016 ]]
SELU:
Fprop: [ 1.57605    -1.69329067  2.20647     1.57605    -1.74629008 -1.36584307]
Bprop: [[  5.2535       0.64845636 -10.507       -5.2535       0.           3.92293236]]
